6 5 5 5 
0 1 -1 2 -2 0 0 1 1 
-1 0 -1 1 -1 1 0 0 -1 -1 
7 7 7 7 
2 2 -2 8 -9 -1 0 6 2 
-1 -1 -1 1 -1 -1 4 0 -1 -1 
20 15 20 20 
0 1 1 2 -4 0 0 1 2 -3 0 1 1 -2 0 1 1 2 -4 0 1 1 3 -5 0 0 1 
-1 0 -1 -1 -1 -1 0 0 -1 -1 -1 0 -1 -1 -1 0 -1 -1 -1 -1 0 -1 -1 -1 -1 0 0 -1 
6 5 6 6 
1 0 -1 1 0 1 -2 1 0 -1 1 -1 1 0 -1 1 0 1 0 
-1 -1 0 1 1 0 -1 -1 -1 0 1 1 1 1 0 1 1 0 -1 0 
10 10 13 13 
-1 2 -2 0 1 0 1 0 -2 1 0 0 1 -2 1 -1 1 0 1 -2 2 -2 1 
-1 -1 -1 1 0 -1 0 -1 0 -1 -1 0 0 -1 -1 -1 1 1 0 -1 -1 1 1 -1 
8 7 7 7 
1 0 1 0 1 0 0 -1 0 -1 1 0 0 1 -1 0 -1 0 0 
-1 -1 0 -1 0 -1 0 0 1 0 -1 1 0 0 -1 1 0 -1 0 0 
16 15 14 16 
-5 2 0 2 2 0 -7 1 0 3 3 -2 -5 6 1 -3 -2 2 1 
-1 -1 -1 0 -1 -1 0 -1 -1 0 -1 -1 -1 -1 -1 -1 -1 -1 1 -1 
